0010.2003-12-18.GP	1	0
0010.2001-06-28.SA_and_HP	1	1
0001.2000-01-17.beck	0	0
0018.1999-12-14.kaminski	0	1
0005.1999-12-12.kaminski	0	0
0011.2001-06-29.SA_and_HP	1	1
0008.2004-08-01.BG	1	1
0009.1999-12-14.farmer	0	0
0017.2003-12-18.GP	1	1
0011.2001-06-28.SA_and_HP	1	1
0015.2001-07-05.SA_and_HP	1	1
0015.2001-02-12.kitchen	0	0
0017.1999-12-14.kaminski	0	1
0012.2000-01-17.beck	0	0
0003.2000-01-17.beck	0	0
0004.2001-06-12.SA_and_HP	1	1
0008.2001-06-12.SA_and_HP	1	1
0007.2001-02-09.kitchen	0	0
0016.2004-08-01.BG	1	1
0015.2000-06-09.lokay	0	0
0005.1999-12-14.farmer	0	0
0016.1999-12-15.farmer	0	0
0013.2004-08-01.BG	1	1
0005.2003-12-18.GP	1	1
0012.2001-02-09.kitchen	0	0
0003.2001-02-08.kitchen	0	0
0009.2001-02-09.kitchen	0	0
0006.2001-02-08.kitchen	0	0
0014.2003-12-19.GP	1	1
0010.1999-12-14.farmer	0	0
0010.2004-08-01.BG	1	1
0014.1999-12-14.kaminski	0	0
0006.1999-12-13.kaminski	0	1
0011.1999-12-14.farmer	0	0
0013.1999-12-14.kaminski	0	0
0001.2001-02-07.kitchen	0	0
0008.2001-02-09.kitchen	0	0
0007.2003-12-18.GP	1	1
0017.2004-08-02.BG	1	1
0014.2004-08-01.BG	1	1
0006.2003-12-18.GP	1	0
0016.2001-07-05.SA_and_HP	1	1
0008.2003-12-18.GP	1	1
0014.2001-07-04.SA_and_HP	1	1
0001.2001-04-02.williams	0	1
0012.2000-06-08.lokay	0	1
0014.1999-12-15.farmer	0	0
0009.2000-06-07.lokay	0	0
0001.1999-12-10.farmer	0	1
0008.2001-06-25.SA_and_HP	1	1
0017.2001-04-03.williams	0	0
0014.2001-02-12.kitchen	0	0
0016.2001-07-06.SA_and_HP	1	1
0015.1999-12-15.farmer	0	0
0009.1999-12-13.kaminski	0	0
0011.2004-08-01.BG	1	1
0004.2004-08-01.BG	1	1
0018.2003-12-18.GP	1	1
0002.1999-12-13.farmer	0	0
0016.2003-12-19.GP	1	1
0004.1999-12-14.farmer	0	0
0015.2003-12-19.GP	1	1
0006.2004-08-01.BG	1	1
0009.2003-12-18.GP	1	1
0007.1999-12-14.farmer	0	0
0005.2000-06-06.lokay	0	1
0010.1999-12-14.kaminski	0	0
0007.2000-01-17.beck	0	0
0003.1999-12-14.farmer	0	0
0003.2004-08-01.BG	1	1
0017.2004-08-01.BG	1	1
0013.2001-06-30.SA_and_HP	1	1
0003.1999-12-10.kaminski	0	0
0012.1999-12-14.farmer	0	0
0004.1999-12-10.kaminski	0	1
0018.2001-07-13.SA_and_HP	1	1
0002.2001-02-07.kitchen	0	1
0007.2004-08-01.BG	1	1
0012.1999-12-14.kaminski	0	0
0005.2001-06-23.SA_and_HP	1	1
0007.1999-12-13.kaminski	0	0
0017.2000-01-17.beck	0	0
0006.2001-06-25.SA_and_HP	1	1
0006.2001-04-03.williams	0	1
0005.2001-02-08.kitchen	0	0
0002.2003-12-18.GP	1	1
0003.2003-12-18.GP	1	1
0013.2001-04-03.williams	0	0
0004.2001-04-02.williams	0	0
0010.2001-02-09.kitchen	0	0
0001.1999-12-10.kaminski	0	0
0013.1999-12-14.farmer	0	0
0015.1999-12-14.kaminski	0	0
0012.2003-12-19.GP	1	1
0016.2001-02-12.kitchen	0	0
0002.2004-08-01.BG	1	1
0002.2001-05-25.SA_and_HP	1	1
0011.2003-12-18.GP	1	1
error rate	0.122448979592
spam zero probability count	0
ham zero probability count	0
spam_log_posterior_probabilities	[-17.50035281282581, -2134.729956879191, -2307.711027511359, -847.922770191062, -286.40626406304426, -10897.846214250663, -3247.8773072396734, -264.0281494864092, -159.83627101512087, -829.713701812298, -610.4272657220786, -3515.916999291643, -279.3150735244196, -1923.6478974291963, -883.9016159773921, -658.1111931632549, -658.1111931632548, -1093.3724768798415, -422.0772052257451, -121.07293158122887, -615.4793423762206, -644.1882572019664, -901.2858594412685, -4019.2959029261256, -340.285075918551, -950.859035687931, -4028.582519207908, -6882.282675365517, -102.45278634524927, -569.2216142247179, -866.7412443216208, -1335.7755201400573, -343.6800257204487, -1324.5135036163322, -960.0049586166384, -241.92845667456086, -1441.1099257738556, -542.393404885406, -1732.0774580037607, -382.3403170619257, -408.97904601568075, -610.4272657220786, -599.5215368347225, -2554.3939767985175, -1062.881506565865, -662.1833647266128, -721.0945682738272, -1571.8696894456878, -26.878366308590124, -2565.260684176207, -359.22503025651946, -704.2876227408883, -11216.760178838318, -433.2303100880492, -2837.3178926701676, -381.2904318095485, -405.09205776406736, -2322.7151129169915, -2067.7869862051816, -262.77392842963803, -699.9389352343345, -684.5443624935205, -521.992786817346, -261.81989736978096, -403.4325794590885, -226.3584402208448, -118.8109353793443, -1888.4508510591322, -25.9373829641256, -365.9922951334446, -58.80185887512778, -20223.142179990224, -258.68926173224156, -2193.292656820353, -515.3231355374459, -2278.5976237006644, -322.24519118687476, -419.2377061720692, -728.9345641162378, -101.45604157245847, -1198.658050692813, -1905.297335545776, -216.3369703765449, -207.90277197296746, -497.7328193764556, -571.7464822315626, -535.4429363332981, -535.669638147799, -534.7335041096161, -2154.3972846980064, -21.55840976693861, -1365.727362472595, -455.28465915574407, -86.99431472848268, -711.6600525586844, -630.4698492356814, -373.3963353852397, -245.17903177363038]
ham_log_posterior_probabilities	[-16.423413655740994, -2281.358767976333, -2269.839851272243, -855.6725532865443, -282.0554440023007, -12024.613563707431, -3387.2361939960733, -247.69257774163947, -169.57610909493022, -880.1397587549967, -643.2155851905198, -3431.809393333033, -285.6428631843871, -1741.4817176974902, -852.7550264275916, -708.3126702716824, -708.3126702716824, -1067.1218581897613, -458.8947012762645, -118.31897891946436, -569.829463992197, -632.157606984155, -937.9622059156378, -4201.448656571583, -334.5358839531418, -896.9088607173915, -3871.342574457269, -6738.961052758674, -109.43955275804475, -530.9208798447808, -902.7758693377523, -1263.1571082084104, -347.61257958495185, -1303.0507430431874, -875.6920784368807, -218.48720091149218, -1389.360738820428, -575.7809364316845, -1788.0864742126557, -398.12313298851245, -407.5317654396062, -643.2155851905198, -651.5678077384011, -2747.5300135632942, -1067.9353880997112, -685.5995374098916, -686.2512440875357, -1510.3612174127577, -28.073663311574443, -2831.211653640197, -355.74817303859714, -677.992550175428, -12407.230669299077, -410.2279527043874, -2751.8462410411275, -403.25355780457494, -423.33316922601057, -2414.2456475406098, -1917.943414985144, -277.6154672423353, -621.6721145734057, -734.9794687977769, -542.5074848844553, -274.85392835628204, -394.8716918615635, -230.73084970953263, -117.56945074941294, -1714.9624534520037, -24.660043409913733, -381.30898809291784, -59.26725151856978, -22193.246507719414, -256.9829002049885, -2144.858700223743, -521.5056149926555, -2387.8848096876322, -326.95482758019205, -435.34177605460474, -638.5733789924999, -105.89159096294571, -1170.1396943344378, -1727.0064843393386, -220.49850133994843, -212.35656197846325, -477.3938271846519, -611.6343508947842, -559.5049115305471, -530.8947765666179, -530.4434583642899, -2023.9521124258306, -20.56817103683702, -1333.8132293032531, -431.9680350708651, -96.79124873937806, -663.841841957604, -656.7764276676929, -401.5647750921895, -262.5131151960238]
