0010.2003-12-18.GP	1	0
0010.2001-06-28.SA_and_HP	1	1
0001.2000-01-17.beck	0	0
0018.1999-12-14.kaminski	0	1
0005.1999-12-12.kaminski	0	0
0011.2001-06-29.SA_and_HP	1	1
0008.2004-08-01.BG	1	1
0009.1999-12-14.farmer	0	0
0017.2003-12-18.GP	1	1
0011.2001-06-28.SA_and_HP	1	1
0015.2001-07-05.SA_and_HP	1	1
0015.2001-02-12.kitchen	0	0
0017.1999-12-14.kaminski	0	1
0012.2000-01-17.beck	0	0
0003.2000-01-17.beck	0	0
0004.2001-06-12.SA_and_HP	1	1
0008.2001-06-12.SA_and_HP	1	1
0007.2001-02-09.kitchen	0	0
0016.2004-08-01.BG	1	1
0015.2000-06-09.lokay	0	0
0005.1999-12-14.farmer	0	0
0016.1999-12-15.farmer	0	0
0013.2004-08-01.BG	1	1
0005.2003-12-18.GP	1	1
0012.2001-02-09.kitchen	0	0
0003.2001-02-08.kitchen	0	0
0009.2001-02-09.kitchen	0	0
0006.2001-02-08.kitchen	0	0
0014.2003-12-19.GP	1	1
0010.1999-12-14.farmer	0	0
0010.2004-08-01.BG	1	1
0014.1999-12-14.kaminski	0	0
0006.1999-12-13.kaminski	0	1
0011.1999-12-14.farmer	0	0
0013.1999-12-14.kaminski	0	0
0001.2001-02-07.kitchen	0	0
0008.2001-02-09.kitchen	0	0
0007.2003-12-18.GP	1	1
0017.2004-08-02.BG	1	1
0014.2004-08-01.BG	1	1
0006.2003-12-18.GP	1	0
0016.2001-07-05.SA_and_HP	1	1
0008.2003-12-18.GP	1	1
0014.2001-07-04.SA_and_HP	1	1
0001.2001-04-02.williams	0	1
0012.2000-06-08.lokay	0	1
0014.1999-12-15.farmer	0	0
0009.2000-06-07.lokay	0	0
0001.1999-12-10.farmer	0	1
0008.2001-06-25.SA_and_HP	1	1
0017.2001-04-03.williams	0	0
0014.2001-02-12.kitchen	0	0
0016.2001-07-06.SA_and_HP	1	1
0015.1999-12-15.farmer	0	0
0009.1999-12-13.kaminski	0	0
0011.2004-08-01.BG	1	1
0004.2004-08-01.BG	1	1
0018.2003-12-18.GP	1	1
0002.1999-12-13.farmer	0	0
0016.2003-12-19.GP	1	1
0004.1999-12-14.farmer	0	0
0015.2003-12-19.GP	1	1
0006.2004-08-01.BG	1	1
0009.2003-12-18.GP	1	1
0007.1999-12-14.farmer	0	0
0005.2000-06-06.lokay	0	1
0010.1999-12-14.kaminski	0	0
0007.2000-01-17.beck	0	0
0003.1999-12-14.farmer	0	0
0003.2004-08-01.BG	1	1
0017.2004-08-01.BG	1	1
0013.2001-06-30.SA_and_HP	1	1
0003.1999-12-10.kaminski	0	0
0012.1999-12-14.farmer	0	0
0004.1999-12-10.kaminski	0	1
0018.2001-07-13.SA_and_HP	1	1
0002.2001-02-07.kitchen	0	1
0007.2004-08-01.BG	1	1
0012.1999-12-14.kaminski	0	0
0005.2001-06-23.SA_and_HP	1	1
0007.1999-12-13.kaminski	0	0
0017.2000-01-17.beck	0	0
0006.2001-06-25.SA_and_HP	1	1
0006.2001-04-03.williams	0	1
0005.2001-02-08.kitchen	0	0
0002.2003-12-18.GP	1	1
0003.2003-12-18.GP	1	1
0013.2001-04-03.williams	0	0
0004.2001-04-02.williams	0	0
0010.2001-02-09.kitchen	0	0
0001.1999-12-10.kaminski	0	0
0013.1999-12-14.farmer	0	0
0015.1999-12-14.kaminski	0	0
0012.2003-12-19.GP	1	1
0016.2001-02-12.kitchen	0	0
0002.2004-08-01.BG	1	1
0002.2001-05-25.SA_and_HP	1	1
0011.2003-12-18.GP	1	1
error rate	0.122448979592
spam zero probability count	0
ham zero probability count	0
spam_log_posterior_probabilities	[-16.876226293330742, -2021.7630568505854, -2168.794529813696, -778.5963794170946, -264.85778343712605, -10232.350071732211, -2984.646822239114, -252.79387213549794, -133.90278904939896, -786.0248454476434, -579.8450662668204, -3259.5680217088716, -256.2062765997638, -1837.830500998629, -813.326972164434, -625.9686774092589, -625.9686774092589, -1022.1898222507269, -391.4788900671485, -115.45579290577327, -578.0156355031781, -597.0344735734118, -828.8388360698259, -3727.651545585211, -305.92588593964564, -872.7787579376942, -3790.085610244098, -6393.941770163612, -97.77183744903627, -517.3707659966119, -813.9864377209487, -1245.2288277032592, -308.38464596230074, -1239.9121288180763, -915.0678492129924, -231.9424323626398, -1357.1326774950933, -513.9956482483803, -1594.9849927545658, -337.0427972885184, -370.56303366005744, -579.8450662668204, -568.6272741197165, -2394.241061734684, -958.5556835901596, -620.6628354768526, -680.510228803309, -1442.8908689499294, -16.876226293330742, -2409.8048337119203, -342.6856774899001, -635.2571795233297, -10599.122524984625, -415.13064102269215, -2649.359116082127, -325.67870876113426, -386.05619891946793, -2138.7970430023292, -1923.2050027220528, -250.60346129948422, -669.3567357790762, -642.3997067242651, -486.71352276253634, -249.64943023962715, -346.88466663143146, -214.187973090691, -112.88173344414118, -1803.8817076675537, -25.001193184883, -338.82667583207086, -55.993289537399974, -18937.942615619457, -245.5826048228452, -2066.2506786964327, -490.3580747576428, -2132.1916077690594, -297.5760779634813, -401.45010036645937, -689.2864144249622, -96.77509267624548, -1122.7944471674866, -1820.104065634703, -196.97293256885953, -187.91460764578704, -457.44442746234694, -533.6586488390251, -501.0998620577308, -502.26275365147444, -501.01455635354375, -2053.912915059304, -20.62221998769601, -1297.0734453281382, -424.9984072568947, -82.93749235176473, -681.7019796229206, -588.3251934664258, -345.9186528241183, -215.8128539506856]
ham_log_posterior_probabilities	[-15.783418036493565, -2165.5195608925487, -2128.7445998376843, -785.9368133980778, -260.4101864209303, -11347.158737699054, -3121.8239533099477, -236.1726565951857, -143.88547346149386, -835.3400654076767, -611.8557998473958, -3173.002513175963, -262.3976165548982, -1653.4823200509663, -781.7392953006299, -675.3528958804397, -675.3528958804396, -995.031540160886, -427.96950721580663, -112.5590183462375, -531.8643181200173, -584.7071202963059, -865.0264879309341, -3907.351206492379, -300.20530745986514, -818.6477734421267, -3629.0372043180896, -6245.872530312515, -104.63958561368901, -479.1050172952421, -849.1308307940104, -1171.6615172655304, -312.3220096628041, -1217.2005192004915, -829.6123938510653, -208.2472710035333, -1304.1505105969818, -546.6611357559265, -1650.214983483841, -353.0272244410717, -369.04121742122123, -611.8557998473958, -619.8880245856534, -2585.1095023569937, -963.6636673813862, -643.4744200126036, -645.0861201191188, -1380.809669734158, -18.268324686281566, -2673.15651829559, -338.78828912854027, -609.0113993792507, -11775.693369184477, -391.6680797462119, -2561.8151073436447, -348.0323128222177, -403.81330283896386, -2228.8090766509035, -1772.3919768253627, -265.13555266701036, -590.3123292302818, -692.2143557812415, -506.78232367964154, -262.3740137809572, -338.69045345033487, -218.25093513420774, -111.48949236656235, -1628.243047043976, -23.70004998104258, -353.9037699383207, -56.38727123195635, -20887.549490130717, -243.54299220079238, -2015.4887742722206, -495.90579022275836, -2239.109610822106, -302.10959190258467, -417.1019009060528, -598.3682484529537, -101.09162381858998, -1093.2494091612068, -1639.647082312063, -201.09322842594406, -192.31129344521142, -436.98329230852465, -573.0292094033572, -524.7397437546044, -497.0896022195464, -496.31828620759467, -1920.912817726991, -19.60817760796587, -1263.4137111860346, -401.3628388200306, -92.63127721426976, -633.1220522337273, -614.0113146511572, -373.8395591279685, -233.30250365672651]
