0010.2003-12-18.GP	1	0
0010.2001-06-28.SA_and_HP	1	1
0001.2000-01-17.beck	0	0
0018.1999-12-14.kaminski	0	0
0005.1999-12-12.kaminski	0	0
0011.2001-06-29.SA_and_HP	1	1
0008.2004-08-01.BG	1	1
0009.1999-12-14.farmer	0	0
0017.2003-12-18.GP	1	1
0011.2001-06-28.SA_and_HP	1	1
0015.2001-07-05.SA_and_HP	1	1
0015.2001-02-12.kitchen	0	0
0017.1999-12-14.kaminski	0	1
0012.2000-01-17.beck	0	0
0003.2000-01-17.beck	0	0
0004.2001-06-12.SA_and_HP	1	1
0008.2001-06-12.SA_and_HP	1	1
0007.2001-02-09.kitchen	0	0
0016.2004-08-01.BG	1	1
0015.2000-06-09.lokay	0	0
0005.1999-12-14.farmer	0	0
0016.1999-12-15.farmer	0	0
0013.2004-08-01.BG	1	1
0005.2003-12-18.GP	1	1
0012.2001-02-09.kitchen	0	0
0003.2001-02-08.kitchen	0	0
0009.2001-02-09.kitchen	0	0
0006.2001-02-08.kitchen	0	0
0014.2003-12-19.GP	1	1
0010.1999-12-14.farmer	0	0
0010.2004-08-01.BG	1	1
0014.1999-12-14.kaminski	0	0
0006.1999-12-13.kaminski	0	1
0011.1999-12-14.farmer	0	0
0013.1999-12-14.kaminski	0	0
0001.2001-02-07.kitchen	0	0
0008.2001-02-09.kitchen	0	0
0007.2003-12-18.GP	1	1
0017.2004-08-02.BG	1	1
0014.2004-08-01.BG	1	1
0006.2003-12-18.GP	1	0
0016.2001-07-05.SA_and_HP	1	1
0008.2003-12-18.GP	1	1
0014.2001-07-04.SA_and_HP	1	1
0001.2001-04-02.williams	0	0
0012.2000-06-08.lokay	0	1
0014.1999-12-15.farmer	0	0
0009.2000-06-07.lokay	0	0
0001.1999-12-10.farmer	0	1
0008.2001-06-25.SA_and_HP	1	1
0017.2001-04-03.williams	0	0
0014.2001-02-12.kitchen	0	0
0016.2001-07-06.SA_and_HP	1	1
0015.1999-12-15.farmer	0	0
0009.1999-12-13.kaminski	0	0
0011.2004-08-01.BG	1	1
0004.2004-08-01.BG	1	1
0018.2003-12-18.GP	1	1
0002.1999-12-13.farmer	0	0
0016.2003-12-19.GP	1	1
0004.1999-12-14.farmer	0	0
0015.2003-12-19.GP	1	1
0006.2004-08-01.BG	1	1
0009.2003-12-18.GP	1	1
0007.1999-12-14.farmer	0	0
0005.2000-06-06.lokay	0	1
0010.1999-12-14.kaminski	0	0
0007.2000-01-17.beck	0	0
0003.1999-12-14.farmer	0	0
0003.2004-08-01.BG	1	1
0017.2004-08-01.BG	1	0
0013.2001-06-30.SA_and_HP	1	1
0003.1999-12-10.kaminski	0	0
0012.1999-12-14.farmer	0	0
0004.1999-12-10.kaminski	0	0
0018.2001-07-13.SA_and_HP	1	1
0002.2001-02-07.kitchen	0	1
0007.2004-08-01.BG	1	1
0012.1999-12-14.kaminski	0	0
0005.2001-06-23.SA_and_HP	1	1
0007.1999-12-13.kaminski	0	0
0017.2000-01-17.beck	0	0
0006.2001-06-25.SA_and_HP	1	1
0006.2001-04-03.williams	0	1
0005.2001-02-08.kitchen	0	0
0002.2003-12-18.GP	1	1
0003.2003-12-18.GP	1	1
0013.2001-04-03.williams	0	0
0004.2001-04-02.williams	0	0
0010.2001-02-09.kitchen	0	0
0001.1999-12-10.kaminski	0	0
0013.1999-12-14.farmer	0	0
0015.1999-12-14.kaminski	0	0
0012.2003-12-19.GP	1	1
0016.2001-02-12.kitchen	0	0
0002.2004-08-01.BG	1	1
0002.2001-05-25.SA_and_HP	1	1
0011.2003-12-18.GP	1	1
error rate	0.102040816327
spam zero probability count	1674
ham zero probability count	2727
spam_log_posterior_probabilities	[-17.399575715863094, -2061.0669545474907, -2256.6905123919864, -826.5600800547961, -282.5149392806066, -10530.256528788588, -3145.177204830599, -262.90970122585935, -156.0499319589946, -800.6445349388108, -591.7523925619231, -3436.9606069927663, -271.151157387279, -1907.1521758082129, -866.2251135273601, -638.586978103822, -638.586978103822, -1071.8317139588903, -408.7292073130211, -118.31539716693868, -604.3188700838527, -635.1015423358954, -876.2299977255554, -3927.803825629819, -333.67761595675836, -942.6458494071486, -3965.361674218789, -6744.071748416903, -99.80176063970535, -561.4919336769251, -841.4071766312139, -1307.1794333804075, -334.76415448446926, -1291.1011353133638, -942.081869323917, -242.54750007960064, -1420.1497244670666, -524.1660407158821, -1695.2815640513702, -374.36397900135734, -400.33812789147225, -591.7523925619231, -579.2965301767249, -2480.613995811321, -1041.1360542821174, -645.5923721579323, -710.0889671597156, -1550.3064978907205, -27.20974111116785, -2487.0148394502285, -352.40971739651917, -695.4927540184673, -10830.290602709118, -427.6888402328588, -2783.613956079948, -371.0232323127453, -394.72807941773533, -2256.4589017643107, -2033.115277706975, -255.84108550864102, -688.9086432259919, -664.2489811224879, -507.2108924877753, -254.88557406361363, -393.2841480900104, -219.36962049453427, -115.87171806155288, -1871.1964312028838, -26.565384094777343, -356.0648862107428, -57.79951841482378, -19559.86155227009, -250.82605848799915, -2143.0246237491842, -502.4816564559758, -2204.086863465369, -315.8711092288116, -409.70052149155885, -723.253576070275, -99.0763479197132, -1171.8936309147725, -1888.2249921981627, -212.48901683434434, -202.44818736724838, -493.605600613444, -553.9236649891363, -524.4360268006501, -527.0930936409778, -527.3442431116287, -2128.06645007171, -21.135161657349364, -1332.4802047165063, -445.56022800052494, -84.58438605896964, -705.6029374135738, -609.6893700716392, -363.69690423013503, -240.28074824946071]
ham_log_posterior_probabilities	[-16.490543589931484, -2207.0025532931522, -2187.760941914673, -823.7468850266147, -274.38747510620004, -11701.14330714541, -3265.8522124928513, -239.70483358508338, -165.42241094226486, -850.3575468543411, -624.1971425561934, -3294.972061265566, -276.027193147264, -1669.5640696150106, -817.0710295186409, -690.0783125818214, -690.0783125818214, -1027.2767631229003, -447.3867674630834, -113.95199585099938, -546.5802744321848, -613.2917487368233, -907.9493455470536, -4102.1047567682135, -322.5252214651839, -867.137578962818, -3723.358611305926, -6493.886618778904, -107.26397220827873, -513.6777580853831, -871.9552249765297, -1210.2724813861364, -334.9367620453309, -1249.1760511582142, -835.5658428635668, -210.99425834527494, -1343.3603324899311, -554.7239900838581, -1740.7624389936116, -387.46022058964235, -392.9401831054642, -624.1971425561934, -630.0975901166499, -2675.4143553092194, -1036.1835794594615, -664.2987249456895, -665.1464502955868, -1459.5871602089103, -29.1502395620719, -2766.021133088091, -343.31151898628843, -656.9963405992577, -12087.86491496668, -398.82482727161215, -2651.4519505240214, -392.45521942134906, -413.3917200623014, -2335.841042225232, -1848.133824700102, -271.9836336544906, -594.7796795526677, -717.961076955642, -525.8177240426309, -268.52984382270927, -379.71167324991484, -221.6254630383713, -113.0032607574795, -1644.2860523201239, -24.505848662930525, -369.8909261369306, -57.75621777609712, -21593.04925815938, -246.65811209174808, -2054.570058989394, -501.44107911997344, -2307.2787744851476, -318.4504988529327, -428.64992280818825, -614.6677151534896, -103.12744249991097, -1125.1408616450162, -1655.5908399178215, -214.3727434749994, -203.98039537744506, -465.38224267554045, -594.1932240046506, -544.6659658942873, -514.2657439535137, -515.597589166577, -1943.2954686108335, -19.80013724772056, -1275.6221742069133, -415.8566183462085, -95.65109708877824, -642.9818111515527, -632.2553736963234, -391.31598589307674, -258.2017343350369]
